This is how my custom mesh files are laid out. This pattern is repeated.

// START OF MESH DATA
[4 bytes as 1 u32] size of data below
[_ bytes][floats] mesh vertex data

[4 bytes as 1u32] size of data below
[_ bytes as _ i32's] indices for mesh data

[4 bytes as 1 u32] size of data below
[4*13 bytes as 13 floats] local position, rotation, scale, of this mesh respectively
// END OF MESH DATA
// REPEAT





I need to design a file that contains everything - mesh data, transforms, component values, everything.
An entire scene file. A scene file is a file that defines a snapshot of game state.

I need to write code to output scene files based on game state. This will make the game become an editor. Boom.

Now all that is needed is to load that file, and everything should be as it was supposed to.

Data needs to be in binary.

This gives me the ideal file type, but what is the ideal way to edit.
Blender would only output meshes and animation data ans such. There is no sense of component data.

The usual workflow is to create something in blender, then export to TSCN. Then that is supposed to be left untouched or copied to mutable.
If copied to mutable, then the result can be changed with full control. But then the actual modeling phase is over. Is there a way to retain
both edit capabilities throughout? Is there some way to reexport a blend file without throwing away components and extra stuff? Perhaps using
blender names or some unique identifier. Then when the new blend file comes in, I can simply use it to change the mesh data, as long as
everything else is laid out the same. There just needs to be a sense of object persistence accross platforms. Maybe python/plugin could do it.
Added objects are fine - they are simply added with nothing but mesh component and transform and such. Persisting objects need update on only those
types of things, while retaining component data as is. Deleted item simply get deleted. We need some kind of git merge process, but with some way
to tie the old and new versions of the same objects together.

One thing that the command-focused idea had was that it allowed more interesting behavior and interoperability in a way that is intuitive and
imperitive. You could simply query for an object named "bridge" and attach components to that. This process would have the file author make sure
to have everything named precisely. This also views a blender-ouput file as being somewhat separate from the commands. It's a black box on paper.
Seems prone to bugs because of unknowns at runtime. But there is merits to this method.

example:

entity(1) position(1,4,9) velocity(0,0,0) name("Player")
1.0<d91jfj29fj>1<ofqh008r>5<Player>

entity(2) mesh([0.002, 0.3453, 234.034, ...], [0, 1, 4, 0, 2, 3, 1, 5, 8, ...]) transform(1,0,0,0,0,1,0,0,0,0,0,1,0,0,0,0)
2.7<04th08t19834983h4t98h08ha0e8fh0q8794hr0q8374t9780871gt19834983h4t98h08ha0e8fh0q8794hr0q8374t9780871gt>9<501659601856792745693>

import "assets/file.blend"
find bridge within id 11 and add wood(10,3) to it

11!<assets/file.blend>
11?<bridge>0<mf92hf8>




Ok so scene files exported from blender will be immutable like in Godot. Scene files can contain multiple other scene files.
This suggests that scenes should be hierarchical. Should nodes be part of a hierarchy as well, or flat within each file?

Let's go full hierarchical. In this way, objects that are parented are rigidly "part" of their parent. Game logic can modify any
local transform so animations are possible. Game logic can also modify parenting tree structure itself. So the hierarchy can be completely
changed by the game systems. But right when that scene is loaded, things are rigid. This is useful essentially so that a scene feels more
like a individual part of the game, rather than all of its pieces drifting away from each other. Traditionally this is for the editor's feel,
not the game's feel.

So our file will preserve blender hierarchy. Every root within the file will be parented underneath a per-file root, so that the entire
scene can be moved all together in the editor. (MAYBE NOT)

Should our file include processing, such as adding colliders? Blender-export files cannot directly contain colliders, but an encapsulating
scene file could provide such commands.

Ignore blender cameras. Probably try to retain materials and lights.



Ok so new plan - use blender for modeling things that are individual - individual objects that are self-contained. This is basically how Godot works.
If I want to make an entire level, it's simply best to make it in the "editor" because I can then just add components and things and it will be
interactive. So a moving platform could be part of a big level blend file, but since I want to treat it differently from other things, it needs
to be a seperate blend file. Then I can add components to it, and those added components will be stored in the main scene file.

So scene file - defines entire game state during a snapshot.

Exported scene file - same thing but can only ever define models, transforms, animations, etc.

So the strategy is to have an encapsulating mutable scene file created within engine, which contains exported scene files that I process and manipulate.
This is tried and true for now.

OPTIONAL - for better results I could flatten embedded scene files to make one single main scene file. This would be best for final game export.


old:

-  -  - #103: skeleton: -1 0 1 2 3 4 5 6 5 8 9 10 11 12 13 14 11 16 17 18 11 20 21 22 11 24 25 26 11 28 29 5 31 32 33 34 35 36 37 34 39 40 41 34 43 44 45 34 47 48 49 34 51 52 1 54 1 56 0 0 0 0 1,-0,                       0,                -0,-0,                       1,-0,              0, 0,                -0,               1,-0,-0,               0,                -0.072288655,1,|   1,-0,0,-0,-0,1,-0,0,0,-0,1,-0,-0.00045320857,-0.9735949,-0.06829378,1,|1,-0,0,-0,-0,0.9903591,0.1385238,0,0,-0.1385238,0.9903591,-0,0.0003437754,-0.98185116,-0.21588027,1,|1,-0,0,-0,-0,0.984263,0.17670931,0,0,-0.17670931,0.984263,-0,0.00034377538,-1.0787958,-0.2577812,1,|1,-0.00000000022325657,0.0000000002275485,-0,0.00000000022761897,0.9998125,-0.019355115,0,-0.00000000022318472,0.01935513,0.99981254,-0,0.00034377506,-1.2474314,-0.013894241,1,|1,-0.00000000040249462,0.00000000044518178,-0,0.0000000004108547,0.99982053,-0.018941253,0,-0.00000000043747814,0.018941268,0.99982053,-0,0.00034377488,-1.3778273,-0.014464578,1,|1,-0.0000000000034010876,0.00000000000000008326039,-0,0.0000000000034010494,1,0.0000000018626449,-0,-0.000000000000000083216044,0.000000014901159,0.9999999,-0,0.00034377546,-1.510533,-0.043083698,1,|1,-0.000000000017953004,-0.000000000000000000006337379,-0,0.000000000017952966,1,-0.0000000018626454,0,0.00000000000000000033438675,0.00000001862645,0.9999999,-0,0.00034377543,-1.5872616,-0.04308369,1,|0.31538552,0.8521231,-0.417634,-0,-0.4176339,0.5198189,0.74523157,0,0.8521231,-0.06061706,0.5198189,-0,0.5147132,-0.7831119,-1.0575842,1,|0.01735456,0.9998494,-0.000000059595667,-0,0.00000005907845,-0.000000030832243,1,0,0.9998492,-0.0173545,0.0000000010344088,-0,-0.06186059,-0.116381146,-1.4432137,1,|-0.15044568,0.988607,-0.004705648,0,-0.0047056377,0.004043594,0.9999808,0,0.9886069,0.15046495,0.0040437444,-0,0.0016754974,-0.34487396,-1.4418389,1,|-0.046673913,0.9986449,-0.023013571,0,-0.02301356,0.021957457,0.99949396,0,0.99864477,0.047179952,0.021957595,-0,-0.031683,-0.60265356,-1.4323878,1,|-0.22221968,0.9699394,0.099175274,-0,0.09917531,-0.078704454,0.99195254,-0,0.96993935,0.23026712,-0.078704275,-0,-0.101181045,-0.48434547,-1.4847983,1,|-0.06378848,0.98238444,-0.17564736,0,-0.17564738,0.16220623,0.97099817,0,0.98238426,0.09279052,0.16220637,-0,0.1789595,-0.9434031,-1.2881379,1,|-0.040260233,0.9895319,-0.13858591,0,-0.13858582,0.13182764,0.9815374,0,0.9895316,0.058723003,0.13182771,-0,0.10720756,-0.93252057,-1.3271055,1,|-0.033651777,0.98825765,-0.14904532,0,-0.14904529,0.14249972,0.97850883,0,0.9882574,0.055143103,0.14249982,-0,0.11737399,-0.97514975,-1.3159995,1,|-0.013944059,0.9999023,0.0009229095,-0,0.000922917,-0.0009102135,0.99999917,-0,0.9999022,0.013944936,-0.00091006816,-0,-0.08584202,-0.594478,-1.4452269,1,|0.011889859,0.9955548,-0.09342908,-0,-0.093429096,0.09413294,0.99116594,0,0.9955547,-0.0030557828,0.09413308,-0,0.03241926,-0.84691805,-1.3740412,1,|0.0015621441,0.99814373,-0.06087876,-0,-0.06087874,0.06086077,0.99628794,0,0.9981436,0.0021499188,0.060860883,-0,-0.0071881847,-0.8403562,-1.4028435,1,|0.004661386,0.9926629,-0.120823264,-0,-0.120823234,0.12049843,0.9853335,0,0.9926628,0.010005283,0.12049851,-0,0.07783641,-0.9624371,-1.3450783,1,|0.2095259,0.97724736,0.032960065,-0,0.032960054,-0.040747963,0.99862564,0,0.97724724,-0.2081515,-0.040747806,-0,-0.26289117,-0.50283974,-1.4585932,1,|0.16286485,0.9829631,-0.08519595,-0,-0.085195914,0.1000369,0.99132955,0,0.98296297,-0.15419434,0.10003698,-0,-0.059965767,-0.8325458,-1.3736378,1,|0.13828526,0.9846362,-0.1066234,-0,-0.106623374,0.121832885,0.9868071,0,0.98463607,-0.12509227,0.12183297,-0,-0.010872941,-0.9000005,-1.3525518,1,|0.15623009,0.9819599,-0.10652043,-0,-0.10652042,0.12396598,0.98655236,0,0.98195976,-0.14278254,0.12396605,-0,-0.024774347,-0.93215686,-1.3523886,1,|0.40030167,0.91594875,0.028223159,-0,0.028223151,-0.043106716,0.99867195,0,0.9159486,-0.39897338,-0.043106567,-0,-0.3637855,-0.44527665,-1.4556247,1,|0.27977344,0.9569378,-0.07743907,-0,-0.07743906,0.10289029,0.9916738,0,0.95693773,-0.27144712,0.10289038,-0,-0.12910177,-0.80609846,-1.3782991,1,|0.3081403,0.94720864,-0.0885746,-0,-0.088574596,0.121265285,0.98866045,0,0.9472085,-0.29680058,0.121265374,-0,-0.13323314,-0.85031205,-1.3666013,1,|0.30943686,0.9448366,-0.107390165,-0,-0.10739014,0.14693238,0.98329985,0,0.9448366,-0.2927364,0.14693247,-0,-0.10693065,-0.912524,-1.3455366,1,|-0.20769756,0.6098294,0.7648332,-0,0.7648332,-0.38620427,0.5156321,-0,0.6098293,0.69206536,-0.3862039,-0,-1.0381125,0.13116635,-1.1638607,1,|-0.5470281,0.75668865,0.35802564,-0,0.35802576,-0.17511909,0.91714275,-0,0.7566884,0.6298854,-0.17511885,-0,-0.2665447,-0.33533028,-1.5003625,1,|-0.49726936,0.84225506,0.20815784,-0,0.20815784,-0.11709467,0.971061,-0,0.8422548,0.52620876,-0.11709434,-0,-0.10343298,-0.48772198,-1.4858835,1,|0.31538552,-0.8521231,0.417634,-0,0.4176339,0.5198189,0.74523157,-0,-0.8521231,-0.06061706,0.5198189,-0,-0.5147132,-0.7831119,-1.0575842,1,|0.01735456,-0.9998494,0.000000059595667,-0,-0.00000005907845,-0.000000030832243,1,0,-0.9998492,-0.0173545,0.0000000010344088,-0,0.06186059,-0.116381146,-1.4432137,1,|-0.15044568,-0.988607,0.004705648,-0,0.0047056377,0.004043594,0.9999808,-0,-0.9886069,0.15046495,0.0040437444,-0,-0.0016754974,-0.34487396,-1.4418389,1,|-0.046673913,-0.9986449,0.023013571,-0,0.02301356,0.021957457,0.99949396,-0,-0.99864477,0.047179952,0.021957595,-0,0.031683,-0.60265356,-1.4323878,1,|-0.22221968,-0.9699394,-0.099175274,0,-0.09917531,-0.078704454,0.99195254,0,-0.96993935,0.23026712,-0.078704275,-0,0.101181045,-0.48434547,-1.4847983,1,|-0.06378848,-0.98238444,0.17564736,-0,0.17564738,0.16220623,0.97099817,-0,-0.98238426,0.09279052,0.16220637,-0,-0.1789595,-0.9434031,-1.2881379,1,|-0.040260233,-0.9895319,0.13858591,-0,0.13858582,0.13182764,0.9815374,-0,-0.9895316,0.058723003,0.13182771,-0,-0.10720756,-0.93252057,-1.3271055,1,|-0.033651777,-0.98825765,0.14904532,-0,0.14904529,0.14249972,0.97850883,-0,-0.9882574,0.055143103,0.14249982,-0,-0.11737399,-0.97514975,-1.3159995,1,|-0.013944059,-0.9999023,-0.0009229095,0,-0.000922917,-0.0009102135,0.99999917,0,-0.9999022,0.013944936,-0.00091006816,-0,0.08584202,-0.594478,-1.4452269,1,|0.011889859,-0.9955548,0.09342908,-0,0.093429096,0.09413294,0.99116594,-0,-0.9955547,-0.0030557828,0.09413308,-0,-0.03241926,-0.84691805,-1.3740412,1,|0.0015621441,-0.99814373,0.06087876,-0,0.06087874,0.06086077,0.99628794,0,-0.9981436,0.0021499188,0.060860883,-0,0.0071881847,-0.8403562,-1.4028435,1,|0.004661386,-0.9926629,0.120823264,-0,0.120823234,0.12049843,0.9853335,0,-0.9926628,0.010005283,0.12049851,-0,-0.07783641,-0.9624371,-1.3450783,1,|0.2095259,-0.97724736,-0.032960065,-0,-0.032960054,-0.040747963,0.99862564,0,-0.97724724,-0.2081515,-0.040747806,-0,0.26289117,-0.50283974,-1.4585932,1,|0.16286485,-0.9829631,0.08519595,-0,0.085195914,0.1000369,0.99132955,-0,-0.98296297,-0.15419434,0.10003698,-0,0.059965767,-0.8325458,-1.3736378,1,|0.13828526,-0.9846362,0.1066234,-0,0.106623374,0.121832885,0.9868071,-0,-0.98463607,-0.12509227,0.12183297,-0,0.010872941,-0.9000005,-1.3525518,1,|0.15623009,-0.9819599,0.10652043,-0,0.10652042,0.12396598,0.98655236,-0,-0.98195976,-0.14278254,0.12396605,-0,0.024774347,-0.93215686,-1.3523886,1,|0.40030167,-0.91594875,-0.028223159,-0,-0.028223151,-0.043106716,0.99867195,0,-0.9159486,-0.39897338,-0.043106567,-0,0.3637855,-0.44527665,-1.4556247,1,|0.27977344,-0.9569378,0.07743907,-0,0.07743906,0.10289029,0.9916738,-0,-0.95693773,-0.27144712,0.10289038,-0,0.12910177,-0.80609846,-1.3782991,1,|0.3081403,-0.94720864,0.0885746,-0,0.088574596,0.121265285,0.98866045,-0,-0.9472085,-0.29680058,0.121265374,-0,0.13323314,-0.85031205,-1.3666013,1,|0.30943686,-0.9448366,0.107390165,-0,0.10739014,0.14693238,0.98329985,-0,-0.9448366,-0.2927364,0.14693247,-0,0.10693065,-0.912524,-1.3455366,1,|-0.20769756,-0.6098294,-0.7648332,0,-0.7648332,-0.38620427,0.5156321,0,-0.6098293,0.69206536,-0.3862039,-0,1.0381125,0.13116635,-1.1638607,1,|-0.5470281,-0.75668865,-0.35802564,0,-0.35802576,-0.17511909,0.91714275,0,-0.7566884,0.6298854,-0.17511885,-0,0.2665447,-0.33533028,-1.5003625,1,|-0.49726936,-0.84225506,-0.20815784,0,-0.20815784,-0.11709467,0.971061,0,-0.8422548,0.52620876,-0.11709434,-0,0.10343298,-0.48772198,-1.4858835,1,|1,-0,0,-0,-0,-0.99613273,-0.087860264,0,0,0.087860264,-0.9961297,-0,-0.09685899,1.028961,0.1359944,1,|1,-0,0,-0,-0,-0.99888045,0.047306694,0,0,-0.047306284,-0.9988774,-0,-0.096858986,0.5604892,0.060949463,1,|1,-0,0,-0,0,-0.99613273,-0.087860264,0,0,0.087860264,-0.9961297,-0,0.09685899,1.028961,0.1359944,1,|1,-0,0,-0,-0,-0.99888045,0.047306694,0,0,-0.047306284,-0.9988774,-0,0.096858986,0.5604892,0.060949463,1,|1,-0,0,-0,-0,0.0053476095,-0.9999857,0,0,0.9999857,0.00534756,-0,-0.09685899,-0.062216263,0.022419348,1,|1,-0,0,-0,-0,0.9999857,0.0053475173,0,0,-0.0053475173,0.9999857,-0,-0.09685899,-0.4865319,-0.76034427,1,|1,-0,0,-0,-0,0.0053476095,-0.9999857,0,-0,0.9999857,0.00534756,-0,0.09685899,-0.062216263,0.022419348,1,|1,-0,0,-0,-0,0.9999857,0.0053475173,0,0,-0.0053475173,0.9999857,-0,0.09685899,-0.4865319,-0.76034427,1,|

custom:

-  -  - #103: skeleton: -1 0 1 2 3 4 5 6 5 8 9 10 11 12 13 14 11 16 17 18 11 20 21 22 11 24 25 26 11 28 29 5 31 32 33 34 35 36 37 34 39 40 41 34 43 44 45 34 47 48 49 34 51 52 1 54 1 56 0 0 0 0 1,-0.0000000000000019994696,0.000000044715428,-0,-0.0000000000000033310248,1,0.00000007449386,0,-0.000000044715428,-0.00000011920929,1,-0,0.000000003232418,0.000000008617479,-0.072288655,1,|   1,0.0000000000000014438507,-0.000000000000000000000003625993,-0,-0.0000000000000034433202,1,-0.0000000025113351,0,0.0000000000000000000001453222,-0.000000042204093,1,-0,-0.00045320854,-0.97359484,-0.06829377,1,|1,0.0000000000000013322676,0.000000029802322,-0,-0.000000004128334,0.9903591,0.13852379,0,-0.000000029515002,-0.13852383,0.9903591,-0,0.00034378187,-0.98185116,-0.21588024,1,|1,-0.0000000000000035527133,0.00000012013699,-0,-0.000000021229324,0.984263,0.17670931,0,-0.00000011824639,-0.17670935,0.984263,-0,0.00034380634,-1.0787959,-0.25778124,1,|1,-0.00000000022319122,0.00000013806333,-0,0.0000000028953828,0.9998126,-0.019355161,0,-0.00000013803314,0.019355116,0.9998126,-0,0.00034377698,-1.2474316,-0.013894215,1,|1,-0.00000000038968623,0.00000006931502,-0,0.000000001702531,0.99982053,-0.018941334,0,-0.00000006929521,0.018941289,0.9998205,-0,0.0003437759,-1.3778274,-0.014464501,1,|1,-0.00000000000000432987,0.00000000000000000000000806501,-0,-0.00000000000000011102229,1,-0.0000000018626449,0,-0.0000000000000071054265,-0.000000042840835,0.9999999,-0,0.00034377543,-1.510533,-0.04308374,1,|1,-0.000000000000004440892,-0.0000000000000071054265,-0,-0.0000000000000000000000000000007888609,1,0.000000000000000000000000000000000000000000006,0,-0.00000000000000000000084703285,-0.00000004470348,0.9999999,-0,0.00034377543,-1.5872616,-0.043083742,1,|0.31538564,0.85212296,-0.41763425,-0,-0.41763404,0.51981926,0.7452314,0,0.8521231,-0.060617045,0.51981896,-0,0.5147134,-0.7831124,-1.0575839,1,|0.017354533,0.99984944,-0.0000000010344108,-0,-0.000000030832243,-0.000000059078467,1,0,0.9998494,-0.017354533,-0.000000059595667,-0,-0.061860483,-0.1163811,-1.4432136,1,|-0.15044563,0.98860705,-0.00470566,0,-0.004705872,0.004043599,0.99998075,0,0.9886071,0.15046485,0.0040438273,-0,0.0016757771,-0.34487393,-1.4418387,1,|-0.04667385,0.99864507,-0.023013666,0,-0.023013791,0.021957569,0.999494,0,0.998645,0.04717984,0.021957677,-0,-0.031682715,-0.6026538,-1.4323876,1,|-0.22221974,0.96993953,0.09917523,-0,0.09917509,-0.07870444,0.9919526,-0,0.9699397,0.23026714,-0.07870423,-0,-0.10118071,-0.4843455,-1.4847983,1,|-0.0637886,0.98238444,-0.17564702,0,-0.17564756,0.16220589,0.97099805,0,0.98238444,0.092790514,0.16220652,-0,0.17895986,-0.94340265,-1.288138,1,|-0.040260464,0.9895317,-0.1385859,0,-0.13858606,0.13182765,0.98153716,0,0.98953176,0.058723155,0.13182782,-0,0.107208095,-0.93252045,-1.3271053,1,|-0.03365187,0.98825747,-0.14904635,0,-0.1490455,0.14250073,0.9785085,0,0.9882576,0.05514326,0.14249982,-0,0.11737436,-0.975151,-1.3159984,1,|-0.013944013,0.9999025,0.0009229072,-0,0.0009227157,-0.00091018685,0.9999992,-0,0.9999024,0.01394483,-0.0009100202,-0,-0.08584178,-0.5944782,-1.4452269,1,|0.011889907,0.9955549,-0.09342923,-0,-0.093429334,0.09413311,0.991166,0,0.9955549,-0.0030558635,0.094133206,-0,0.032419562,-0.84691834,-1.3740411,1,|0.0015621572,0.998144,-0.06087879,-0,-0.060878962,0.060860816,0.99628806,0,0.998144,0.002149855,0.060860984,-0,-0.007187884,-0.8403563,-1.4028434,1,|0.0046614287,0.9926632,-0.120822854,-0,-0.12082345,0.12049803,0.9853336,0,0.9926631,0.0100051435,0.12049862,-0,0.07783666,-0.9624367,-1.3450787,1,|0.2095259,0.9772475,0.03296003,-0,0.03295989,-0.040747862,0.99862564,0,0.9772473,-0.20815162,-0.040747788,-0,-0.26289093,-0.50284,-1.4585931,1,|0.16286497,0.98296314,-0.08519609,-0,-0.085196026,0.100037076,0.9913295,0,0.9829631,-0.15419453,0.100037,-0,-0.059965692,-0.83254606,-1.3736373,1,|0.13828546,0.98463625,-0.10662313,-0,-0.10662351,0.121832676,0.986807,0,0.9846362,-0.1250926,0.12183298,-0,-0.010872914,-0.90000015,-1.3525517,1,|0.1562302,0.98195994,-0.10652045,-0,-0.106520586,0.123966016,0.9865523,0,0.98195994,-0.14278272,0.123966105,-0,-0.024774196,-0.93215686,-1.3523883,1,|0.40030158,0.9159487,0.028223155,-0,0.028223032,-0.043106627,0.9986718,0,0.91594875,-0.3989734,-0.04310659,-0,-0.3637853,-0.44527677,-1.4556243,1,|0.27977324,0.9569379,-0.07743863,-0,-0.07743923,0.1028899,0.9916738,0,0.95693797,-0.27144706,0.1028903,-0,-0.12910135,-0.806098,-1.3782994,1,|0.30814013,0.9472085,-0.08857491,-0,-0.08857469,0.12126566,0.98866034,0,0.9472087,-0.29680046,0.121265456,-0,-0.13323288,-0.8503126,-1.366601,1,|0.3094367,0.9448368,-0.107388884,-0,-0.1073903,0.14693113,0.98330003,0,0.9448368,-0.29273656,0.1469321,-0,-0.10693033,-0.9125224,-1.3455374,1,|-0.20769772,0.6098295,0.7648333,-0,0.764833,-0.38620433,0.5156325,-0,0.60982955,0.6920654,-0.38620403,-0,-1.038112,0.13116637,-1.1638612,1,|-0.54702836,0.7566885,0.35802612,-0,0.3580256,-0.17511949,0.91714275,-0,0.75668854,0.62988544,-0.17511865,-0,-0.26654428,-0.3353296,-1.5003626,1,|-0.49726966,0.842255,0.20815828,-0,0.20815775,-0.117095,0.9710609,-0,0.8422548,0.52620876,-0.11709428,-0,-0.10343258,-0.48772135,-1.4858835,1,|0.3153856,-0.8521229,0.41763422,-0,0.4176339,0.5198192,0.74523145,-0,-0.852123,-0.060617007,0.51981884,-0,-0.5147132,-0.7831123,-1.0575839,1,|0.017354533,-0.99984944,0.0000000015516163,-0,0.0000000015516163,-0.00000008939352,1.0000001,0,-0.9998494,-0.017354488,-0.00000008939351,-0,0.061860524,-0.11638107,-1.4432137,1,|-0.15044563,-0.9886071,0.0047056605,-0,0.0047058724,0.00404357,0.9999808,-0,-0.9886071,0.15046489,0.004043831,-0,-0.0016757774,-0.34487388,-1.4418389,1,|-0.04667385,-0.9986451,0.023013668,-0,0.02301379,0.021957543,0.9994941,-0,-0.998645,0.047179896,0.021957675,-0,0.031682715,-0.60265374,-1.4323876,1,|-0.22221969,-0.96993953,-0.09917524,0,-0.09917509,-0.07870446,0.9919526,0,-0.9699396,0.23026714,-0.07870422,-0,0.101180725,-0.48434547,-1.4847983,1,|-0.06378859,-0.9823845,0.17564705,-0,0.17564766,0.16220589,0.97099817,-0,-0.98238444,0.092790574,0.16220652,-0,-0.17896,-0.94340265,-1.2881382,1,|-0.04026047,-0.98953176,0.1385859,-0,0.13858604,0.13182764,0.9815372,-0,-0.98953176,0.05872321,0.13182774,-0,-0.1072081,-0.93252045,-1.3271053,1,|-0.033651866,-0.9882576,0.14904633,-0,0.14904548,0.14250073,0.9785086,-0,-0.98825765,0.05514331,0.14249977,-0,-0.11737439,-0.9751512,-1.3159986,1,|-0.013944016,-0.9999025,-0.00092290726,0,-0.00092271616,-0.0009102148,0.9999993,0,-0.9999024,0.013944888,-0.0009100202,-0,0.08584177,-0.59447813,-1.445227,1,|0.011889905,-0.9955549,0.09342924,-0,0.093429334,0.0941331,0.99116606,-0,-0.9955549,-0.0030558086,0.09413319,-0,-0.03241956,-0.8469184,-1.3740412,1,|0.0015621593,-0.998144,0.06087879,-0,0.060878962,0.0608608,0.9962881,0,-0.998144,0.0021499079,0.060860973,-0,0.007187879,-0.8403563,-1.4028435,1,|0.0046614297,-0.99266315,0.12082286,-0,0.12082346,0.12049803,0.9853337,0,-0.9926631,0.010005198,0.120498605,-0,-0.07783667,-0.9624366,-1.3450788,1,|0.20952594,-0.97724766,-0.032960024,-0,-0.0329599,-0.040747892,0.9986257,0,-0.97724736,-0.20815162,-0.040747784,-0,0.262891,-0.50284004,-1.4585932,1,|0.16286494,-0.9829632,0.08519608,-0,0.08519603,0.10003705,0.99132955,-0,-0.9829631,-0.15419446,0.100037016,-0,0.059965663,-0.8325461,-1.3736373,1,|0.13828549,-0.98463637,0.10662315,-0,0.10662352,0.12183268,0.9868071,-0,-0.98463625,-0.12509257,0.121833004,-0,0.010872909,-0.90000033,-1.3525518,1,|0.15623021,-0.9819601,0.106520474,-0,0.10652059,0.12396603,0.9865525,-0,-0.98196006,-0.14278267,0.12396612,-0,0.024774201,-0.9321571,-1.3523886,1,|0.40030164,-0.91594887,-0.028223151,-0,-0.028223032,-0.043106657,0.9986719,0,-0.9159488,-0.39897338,-0.043106597,-0,0.36378533,-0.4452769,-1.4556245,1,|0.27977327,-0.956938,0.07743862,-0,0.07743923,0.10288985,0.9916739,-0,-0.95693797,-0.271447,0.10289025,-0,0.12910135,-0.80609804,-1.3782995,1,|0.3081402,-0.9472089,0.088574946,-0,0.08857471,0.12126566,0.9886605,-0,-0.9472088,-0.29680046,0.12126545,-0,0.13323292,-0.8503128,-1.3666011,1,|0.30943674,-0.944837,0.10738892,-0,0.10739032,0.14693108,0.9833001,-0,-0.9448368,-0.2927365,0.1469321,-0,0.10693034,-0.9125225,-1.3455378,1,|-0.2076977,-0.6098294,-0.7648333,0,-0.76483303,-0.38620436,0.51563245,0,-0.60982955,0.69206536,-0.38620394,-0,1.038112,0.1311664,-1.163861,1,|-0.54702836,-0.7566885,-0.35802618,0,-0.3580257,-0.1751195,0.91714275,0,-0.7566886,0.6298855,-0.17511868,-0,0.26654446,-0.3353295,-1.500363,1,|-0.49726966,-0.8422549,-0.20815825,0,-0.20815772,-0.11709498,0.97106093,0,-0.8422548,0.5262087,-0.11709419,-0,0.10343251,-0.48772126,-1.4858836,1,|1,0.000000000000086152026,0.00000006663902,-0,0.0000000058550214,-0.9961329,-0.08785919,0,0.0000000663823,0.087859236,-0.99611795,-0,-0.09685899,1.0289611,0.13599275,1,|1,-0.00000000000017674488,0.00000008429271,-0,-0.0000000039876284,-0.99888045,0.04730584,0,0.00000008419905,-0.04730377,-0.9988656,-0,-0.096858986,0.5604889,0.060948893,1,|1,0.000000000000086152026,0.00000006663902,-0,0.0000000058550214,-0.9961329,-0.08785919,0,0.0000000663823,0.087859236,-0.99611795,-0,0.096858986,1.0289611,0.13599275,1,|1,-0.0000000000001785212,0.00000008429271,-0,-0.0000000039876302,-0.99888045,0.04730584,0,0.00000008419905,-0.04730377,-0.9988656,-0,0.09685897,0.5604889,0.06094891,1,|1,-0.000000029779057,0.000000000000013405943,-0,0.00000000015925493,0.005347565,-0.9999857,0,0.00000002977864,0.9999857,0.0053475862,-0,-0.096858986,-0.06221626,0.022419345,1,|1,-0.0000000002390897,0.00000009685757,-0,-0.00000000027880792,0.9999857,0.0053469464,0,-0.00000009685746,-0.005346991,0.99998575,-0,-0.09685892,-0.4865323,-0.7603439,1,|1,-0.000000029779065,0.00000000000001336431,-0,0.00000000015925496,0.005347565,-0.9999857,0,0.000000029778647,0.9999857,0.0053475867,-0,0.096858986,-0.062216267,0.022419345,1,|1,-0.0000000002390897,0.00000009685757,-0,-0.00000000027880792,0.9999857,0.0053469464,0,-0.00000009685746,-0.005346991,0.99998575,-0,0.09685907,-0.4865323,-0.7603439,1,|



-  -  - #103: skeleton: -1 0 1 2 3 4 5 6 5 8 9 10 11 12 13 14 11 16 17 18 11 20 21 22 11 24 25 26 11 28 29 5 31 32 33 34 35 36 37 34 39 40 41 34 43 44 45 34 47 48 49 34 51 52 1 54 1 56 0 0 0 0 1, 0.00000000000000169815,  0.000000041208615,-0,-0.00000000000000169815,  1,0.000000041208615,0,-0.000000041208615,-0.000000000000000000000069978406,1,-0,0.0000000029789153,0.000000000000000000000005058645,-0.072288655,1,|   0.88905096,0.0000000000000017763566,0.45780805,-0,0.000000002286604,1,-0.000000004440528,0,-0.45780805,0.00000004620329,0.88905096,-0,0.03086251,-0.9371462,-0.06092412,1,|0.88905096,-0.063417315,0.45339435,-0,-0.0000000074505797,0.99035907,0.13852382,0,-0.45780805,-0.1231547,0.8804797,-0,0.031659506,-0.9467747,-0.20353267,1,|0.8890511,-0.080898955,0.4506035,-0,-0.00000002235174,0.9842631,0.17670937,0,-0.45780802,-0.15710361,0.87506,-0,0.031659506,-1.0442228,-0.24408671,1,|0.99998796,0.0010515841,-0.004790711,-0,-0.0017102896,0.9902005,-0.13964288,0,0.004596779,0.13964936,0.9901902,-0,0.015985822,-1.2044345,0.12761916,1,|0.99998796,0.001053574,-0.0047903648,-0,-0.001710309,0.99025816,-0.13923301,0,0.004596866,0.1392395,0.99024785,-0,0.015985847,-1.3348887,0.12706666,1,|0.99998796,0.001144123,-0.0047695492,-0,-0.0017103112,0.99271774,-0.12045124,0,0.0045968657,0.120457925,0.9927076,-0,0.015985847,-1.4702828,0.09923538,1,|0.9999882,0.0011224633,-0.004713977,-0,-0.0014573825,0.99742824,-0.07165659,0,0.0046212836,0.0716626,0.997418,-0,0.015592243,-1.5500196,0.023301972,1,|0.31083986,0.8529969,-0.41925547,-0,-0.51777154,0.52187777,0.6779061,0,0.7970514,0.0063580875,0.60387766,-0,0.6173816,-0.763576,-0.96596587,1,|0.016391363,0.34621724,0.93801135,-0,-0.35690013,-0.8743109,0.32894266,0,0.93399864,-0.34016803,0.109233566,-0,0.4099443,1.2246276,-0.5749852,1,|-0.032113772,0.10519991,0.99393255,-0,0.025398167,-0.99403846,0.10603208,-0,0.9991613,0.028649203,0.029250206,-0,-0.04765471,1.1891849,-0.31229502,1,|-0.039285116,0.12532651,0.99133754,-0,-0.022129595,-0.9919692,0.124529764,0,0.9989829,-0.017045679,0.041742813,-0,0.00052590866,0.94863313,-0.33028907,1,|0.06427475,0.020113794,0.99772966,-0,0.16660087,-0.98598224,0.009144704,0,0.98392725,0.16563489,-0.066724926,-0,-0.2012601,0.93272465,-0.21828893,1,|-0.22346918,0.026346676,0.9743551,-0,-0.025533754,-0.9994502,0.021169392,0,0.97437656,-0.02014808,0.22401871,-0,0.021496514,0.83072805,-0.23757854,1,|-0.22007968,-0.124662235,0.9674837,-0,-0.067561805,-0.9874714,-0.14260605,0,0.9731396,-0.0967494,0.20889965,-0,0.054621197,0.8255301,-0.103677675,1,|-0.24635747,-0.17994015,0.9523288,-0,-0.074980244,-0.9761305,-0.20383367,0,0.9662745,-0.12162152,0.22698474,-0,0.06625167,0.80091804,-0.05379422,1,|-0.012085399,0.103099965,0.9945976,-0,-0.052225716,-0.9933778,0.10233924,0,0.9985621,-0.050706692,0.017389605,-0,0.023519699,0.9284653,-0.30907887,1,|-0.120440155,-0.0018312825,0.99271894,-0,-0.14862315,-0.98869485,-0.019855032,0,0.98153216,-0.14993225,0.11880613,-0,0.12881617,0.83051217,-0.20880963,1,|-0.106631264,-0.24323799,0.9640877,-0,-0.108540006,-0.9609741,-0.254457,0,0.9883566,-0.131775,0.07606861,-0,0.09364189,0.8230494,-0.0145953195,1,|-0.17005023,-0.28167927,0.9443198,-0,-0.07483447,-0.95181847,-0.29739177,0,0.9825897,-0.12123905,0.1407774,-0,0.08172051,0.78505844,0.021501428,1,|0.04331736,0.063687,0.99702936,-0,-0.26920524,-0.9603095,0.07303776,0,0.96210814,-0.27156922,-0.024453409,-0,0.22008567,0.91163164,-0.2803941,1,|-0.1706252,-0.029277427,0.984901,-0,-0.19053799,-0.9797118,-0.062131837,0,0.9667379,-0.1982622,0.16158484,-0,0.20094363,0.8293478,-0.16346464,1,|-0.2685806,-0.2767316,0.9226507,-0,-0.091435015,-0.9461954,-0.31040952,0,0.9589077,-0.1677324,0.22882655,-0,0.14216428,0.8237261,0.05151871,1,|-0.31312826,-0.41455656,0.85445523,-0,-0.055990145,-0.89007735,-0.45235762,0,0.94805896,-0.18948683,0.25549713,-0,0.12376508,0.77645093,0.1766556,1,|0.05918905,0.05715961,0.9966091,-0,-0.4549753,-0.8870904,0.07789981,0,0.88853484,-0.45804316,-0.026500043,-0,0.3962957,0.8484798,-0.28488985,1,|-0.0036179025,-0.12116127,0.99262637,0,-0.29316387,-0.9488898,-0.116890885,0,0.95605546,-0.29142493,-0.032087326,-0,0.2737423,0.82819474,-0.11813272,1,|0.079837464,-0.2943717,0.9523505,-0,-0.26563457,-0.92713517,-0.2643086,0,0.9607624,-0.23187533,-0.1522156,-0,0.23311853,0.823623,0.008783387,1,|0.10002607,-0.5067897,0.85624707,-0,-0.2669928,-0.842673,-0.4675652,0,0.9584935,-0.18184292,-0.21959859,-0,0.22993226,0.77502924,0.1894076,1,|0.62199783,-0.3646643,0.69292057,-0,0.18108484,-0.7939533,-0.5803847,0,0.7617919,0.48647547,-0.4278021,-0,-0.32687962,0.8215698,0.41988492,1,|0.14463323,-0.1241526,0.98166585,-0,0.4178751,-0.89162153,-0.17433162,0,0.8969179,0.4354278,-0.077077866,-0,-0.46007854,0.78537494,-0.01802544,1,|0.03612945,-0.26284274,0.9641622,-0,0.21464741,-0.9402336,-0.26436245,0,0.97602314,0.21650624,0.022448342,-0,-0.27222565,0.8389447,0.054415826,1,|0.31992406,-0.8512288,0.41600254,-0,0.51669264,0.5247927,0.6764772,-0,-0.79415184,-0.0014757809,0.6077173,-0,-0.60752016,-0.7902441,-0.95289576,1,|0.232729,-0.4007749,-0.88612455,-0,0.156892,-0.8837372,0.4409008,0,-0.959803,-0.24163622,-0.14279282,0,-0.09749446,1.2115811,-0.7270547,1,|-0.31409338,0.04374081,-0.9483839,0,-0.38893542,-0.91719425,0.0865086,0,-0.8660682,0.39603177,0.30509704,-0,0.43962494,1.1069552,-0.32965082,1,|-0.33467114,-0.005621879,-0.94231826,0,-0.28972208,-0.950933,0.108570345,0,-0.89669156,0.30934566,0.31662112,-0,0.34034285,0.906296,-0.351963,1,|-0.20956084,0.14731452,-0.9666348,-0,-0.46204817,-0.8861687,-0.03488197,0,-0.86173975,0.43932185,0.25377274,-0,0.52954686,0.8298377,-0.20849784,1,|-0.50121206,0.10911405,-0.8584175,0,-0.28351894,-0.95796716,0.043773074,0,-0.8175592,0.2653172,0.51108044,-0,0.30941477,0.7979357,-0.30638218,1,|-0.5033011,0.2443363,-0.8288472,-0,-0.2438283,-0.9603697,-0.13504772,0,-0.8289965,0.13412678,0.5429312,-0,0.27822852,0.82112664,-0.15795676,1,|-0.52723795,0.28740168,-0.7996378,-0,-0.2363969,-0.9535232,-0.18684283,0,-0.81617177,0.09052131,0.57067436,-0,0.26511556,0.8040578,-0.116567835,1,|-0.31234825,0.005683793,-0.9499507,0,-0.2603644,-0.9622026,0.07985208,0,-0.913591,0.27227488,0.30202228,-0,0.31897995,0.8978287,-0.3235387,1,|-0.41804364,0.10521674,-0.90231323,-0,-0.20231701,-0.97910684,-0.020437388,0,-0.885611,0.17400952,0.43059653,-0,0.2418238,0.83101356,-0.25023597,1,|-0.40099537,0.33476415,-0.8527226,-0,-0.24167836,-0.93652,-0.25401148,0,-0.8836253,0.104227096,0.4564454,-0,0.2772451,0.8175424,-0.05336095,1,|-0.45435414,0.37281084,-0.8090577,-0,-0.27404746,-0.92266744,-0.2712609,0,-0.84762,0.09847169,0.5213857,-0,0.28539503,0.7760379,-0.04357698,1,|-0.27492738,-0.026067903,-0.9611114,0,-0.041568834,-0.99837536,0.038969602,0,-0.96056557,0.0506661,0.27339718,-0,0.12090005,0.95832103,-0.28200284,1,|-0.46973756,0.086007416,-0.87860626,-0,-0.12267604,-0.99194616,-0.031514693,0,-0.87424046,0.09298029,0.47650552,-0,0.13506745,0.8513981,-0.2346267,1,|-0.5484789,0.3256104,-0.7701612,-0,-0.21668145,-0.94494873,-0.24519515,0,-0.8076009,0.03239522,0.5888383,-0,0.18522422,0.840261,-0.053348456,1,|-0.5832848,0.4431622,-0.6807245,-0,-0.24802506,-0.8952013,-0.3702673,0,-0.77347386,-0.047134608,0.63207275,-0,0.19767012,0.8048734,0.05696654,1,|-0.26030937,-0.08363263,-0.9618964,0,0.15817185,-0.9864765,0.042965297,0,-0.95248115,-0.14096065,0.27001745,-0,-0.07146225,0.9622195,-0.28556788,1,|-0.35933375,0.17870755,-0.91593826,-0,-0.21024996,-0.97176206,-0.107115455,0,-0.90921605,0.1540857,0.38676012,-0,0.21719958,0.8541387,-0.16149613,1,|-0.27843127,0.35561833,-0.89219487,-0,-0.23746678,-0.92557716,-0.2948166,0,-0.930637,0.12978037,0.3421571,-0,0.260344,0.83164716,0.0059985444,1,|-0.25911245,0.55549675,-0.7901166,-0,-0.23539008,-0.82970864,-0.5061378,0,-0.93672407,0.05483891,0.34574616,-0,0.26351714,0.77919996,0.19765337,1,|0.48068798,0.4501402,-0.7525378,-0,-0.50112647,-0.5632274,-0.65699893,0,-0.7195912,0.6929277,-0.04515933,-0,0.6938918,0.5434424,0.48549646,1,|-0.01111219,0.205165,-0.9786643,-0,-0.74181175,-0.6579828,-0.12951493,0,-0.670516,0.7245453,0.15950556,-0,0.82055694,0.49892667,-0.084056266,1,|-0.13332547,0.3038379,-0.94334877,-0,-0.5790463,-0.7963666,-0.17465915,0,-0.80431914,0.5229559,0.28211224,-0,0.6825443,0.655105,-0.06474467,1,|0.58770573,0.23146388,-0.77525884,-0,0.109765865,-0.9721556,-0.20703898,0,-0.80159694,0.03658166,-0.59675014,-0,-0.15139674,0.95501363,0.2677846,1,|0.5877057,-0.16863836,-0.7913047,-0,0.109765954,-0.9523748,0.28448847,0,-0.8015969,-0.2540542,-0.5412074,0,-0.15139677,0.5436544,0.008079123,1,|0.9908888,0.080033444,-0.10832022,-0,0.03204639,-0.92129153,-0.3875496,0,-0.13081251,0.38054729,-0.915461,-0,0.075814135,0.89439106,0.4616597,1,|0.9908889,0.02498272,-0.13234222,-0,0.032046374,-0.9981578,0.051517762,0,-0.13081244,-0.055288922,-0.9898628,0,0.07581412,0.57225096,0.23638396,1,|0.5180871,0.85531574,0.0045469785,-0,0.000026853988,0.005299842,-0.99998593,0,-0.85532784,0.51808006,0.0027226878,-0,-0.14832151,-0.023521658,0.022623397,1,|1,-0.00000000022036035,0.00000016950068,-0,-0.000000000686049,0.99998575,0.0053475183,0,-0.00000016949944,-0.0053474773,0.9999857,-0,-0.54451776,-0.6486344,-0.30286852,1,|0.99331546,0.11542972,0.00061788963,-0,-0.00000016653213,0.0053543667,-0.9999857,0,-0.11543138,0.9933012,0.005318463,-0,0.07286837,-0.23927994,0.021473777,1,|1,-0.0000000002203638,0.00000017879692,-0,-0.0000000007357722,0.99998575,0.0053476007,0,-0.00000017879555,-0.0053475597,0.9999857,-0,-0.0055649304,-0.44308,-0.7336021,1,|